TwitchBotVars = {
	Channel = "",
	Name = "",
	OAuth = "",
	
	ActiveBanList = {},
	BanLists = {
		{"No Bans", {0}},
		{"No Cannons", {1,2,3,4,5,6,7,8,9,10,11,12,13,14,15,51,52,53,54,63,64,65,116}},
		{"No Box", {39,58,78,79,80,87,88,95,96,97,101,102,103,104,105,106,107,108,109,114,125,129,130,131,132,133,134,135,136,137,138,139,140,141,142,143,144,145,146,147,148,149,150,151,152,153,154,156,157,158,159,160,162,174,176,181}},
		{"No Swords", {23,24,25,26,27,28,29,30,31,32,36,37,38,39,175,177,178,179}},
		{"No Throwables", {16,17,18,19,20,21,22,33,34,35,43,44,45,49,50,55,56,57,66,67,68,72,73,74,75,76,77,89,90,173}},
		{"No Multistrike", {16,17,18,19,20,21,22,33,34,35,43,44,45,51,52,53,54,59,60,61,62,69,70,71,75,76,77,81,82,87,88,91,92,93,94,95,96,97,98,99,100,101,104,105,106,110,111,112,113,134,173,174,180}},
		{"No Support", {117,118,119,120,121,122,123,124,126,127,128,163,164,165,166,167,168,169,170,171,182,183,184,185,186,187,188,189,190}},
		{"<500 HP Navis", {200,202,203,204,206,207,208,209,211,212,214,216,217,220,221,222,225,228,229,230,231,232,233,239,240,241,242,243,244,245,246,247,248}}
	}
}